10,138
10,272
10,19
10,84
10,22
10,112
10,283
11,13
11,8
11,15
11,5
11,26
8,9
8,18
8,11
8,12
8,7
46,4
46,3
46,2
46,1
46,0
45,4
45,3
45,2
45,1
45,0
44,4
44,3
44,2
44,1
44,0
42,5
42,4
42,3
42,2
42,1
42,0
39,6
39,5
39,4
39,3
39,2
39,1
39,0
37,6
37,5
37,4
37,3
37,2
37,1
37,0
33,5
33,3
33,1
28,4
28,3
28,1
25,3
25,1
20,3
20,2
20,1
19,3
19,2
19,1
12,3
12,2
12,1
11,29
11,27
11,24
11,22
18,1
11,18
11,11
11,6
18,3
11,3
11,2
11,1
10,301
10,262
14,1
10,248
10,242
14,3
10,189
13,1
10,164
10,158
13,3
10,93
10,3
10,2
10,1
9,7
9,5
9,3
9,2
9,1
8,17
8,16
8,15
8,14
