0,273
0,270
3,2
3,1
3,3
10,240
10,310
10,65
10,200
10,254
10,64
10,246
10,193
11,10
8,17
8,10
8,12
8,7
8,2
8,3
61,4
61,3
61,2
61,1
61,0
59,3
59,2
59,1
59,0
46,4
46,3
46,2
46,1
46,0
45,4
45,3
45,2
45,1
45,0
44,4
44,3
44,2
44,1
44,0
42,5
42,4
42,3
42,2
42,1
42,0
39,6
39,5
39,4
39,3
39,2
39,1
39,0
37,6
37,5
37,4
37,3
37,2
37,1
37,0
33,5
33,3
33,2
33,1
28,4
28,3
28,1
25,3
25,1
20,3
20,2
20,1
19,3
19,2
19,1
18,1
12,3
12,2
18,3
12,1
11,29
11,28
11,27
11,26
14,1
11,25
11,24
11,23
14,3
11,22
13,1
11,21
11,20
13,3
11,19
11,18
11,17
11,16
11,15
11,14
11,13
11,7
11,5
11,3
